"","Output/A5vsG2B2/A5vsG2B2_diffPathways2023-02-14.csv","Output/D4vsG2B2/D4vsG2B2_diffPathways2023-02-14.csv","Output/H10vsG2B2/H10vsG2B2_diffPathways2023-02-14.csv","Output/I45FvsG2B2/I45FvsG2B2_diffPathways2023-02-14.csv","Output/I45FvsI47F/I45FvsI47F_diffPathways2023-02-14.csv","Output/I47FvsG2B2/I47FvsG2B2_diffPathways2023-02-14.csv","Output/MAYO/Mayo_ADvsControl_diffPathways2023-02-14.csv","Output/MSBB/MSBB_PHG_ADvsControl_diffPathways2023-02-14.csv","Output/ROSMAP/ROSMAP_DLPFC_ADvsControl_diffPathways2023-02-14.csv"
"Output/A5vsG2B2/A5vsG2B2_diffPathways2023-02-14.csv",1,0.174218471096075,0.00449127178157714,0.147674271443122,-0.381900433333125,0.469942059547721,-0.0540300289024388,0.104403917511061,0.0494891546508396
"Output/D4vsG2B2/D4vsG2B2_diffPathways2023-02-14.csv",0.174218471096075,1,0.41376946249974,-0.205605191665582,-0.0308757525916102,-0.141849653680607,-0.0737476600088032,0.00189684592004002,-0.00649702350697974
"Output/H10vsG2B2/H10vsG2B2_diffPathways2023-02-14.csv",0.00449127178157714,0.41376946249974,1,-0.0116896688081754,0.157311973255088,-0.176797705803294,-0.172854402048385,-0.170005579863501,-0.0916664241093479
"Output/I45FvsG2B2/I45FvsG2B2_diffPathways2023-02-14.csv",0.147674271443122,-0.205605191665582,-0.0116896688081754,1,0.28427654462632,0.485594160606285,0.151836414629767,0.119765193105183,0.0620806492405155
"Output/I45FvsI47F/I45FvsI47F_diffPathways2023-02-14.csv",-0.381900433333125,-0.0308757525916102,0.157311973255088,0.28427654462632,1,-0.60509647143268,0.300584989668104,0.141050683547259,0.122583204311057
"Output/I47FvsG2B2/I47FvsG2B2_diffPathways2023-02-14.csv",0.469942059547721,-0.141849653680607,-0.176797705803294,0.485594160606285,-0.60509647143268,1,-0.0904152398980949,0.0278208115420267,0.0109635428091937
"Output/MAYO/Mayo_ADvsControl_diffPathways2023-02-14.csv",-0.0540300289024388,-0.0737476600088032,-0.172854402048385,0.151836414629767,0.300584989668104,-0.0904152398980949,1,0.838479162931128,0.634861022412815
"Output/MSBB/MSBB_PHG_ADvsControl_diffPathways2023-02-14.csv",0.104403917511061,0.00189684592004002,-0.170005579863501,0.119765193105183,0.141050683547259,0.0278208115420267,0.838479162931128,1,0.653798756913685
"Output/ROSMAP/ROSMAP_DLPFC_ADvsControl_diffPathways2023-02-14.csv",0.0494891546508396,-0.00649702350697974,-0.0916664241093479,0.0620806492405155,0.122583204311057,0.0109635428091937,0.634861022412815,0.653798756913685,1
